spekulieren 0.0 0.0 0.0 2.4 3.94 1.0 0.0 0.0 4.0 0.0 0.0 0.0 0.0 0.0 0.0 0.0 0.0 0.0 0.0 18.63 0.0 1.0 24.28 0.0 0.0 4.31 0.0 110.25 0.0 2.0 0.0 0.0 226.78 0.0 0.0 0.0 0.0 
sprechen 0.0 11.98 3.48 9.96 34.06 0.0 18.32 0.55 140.02 0.0 0.0 3.74 0.0 0.0 1.01 1.0 21.18 7.02 108.1 200.23 1.58 220.4 1283.29 0.0 25.48 567.59 0.0 3642.77 1.3 267.64 0.0 0.0 5250.74 116.43 3.8 0.0 0.0 
denken 0.0 7.92 8.7 6.22 39.27 0.0 0.0 11.29 408.78 1.39 0.0 0.0 4.01 1.02 3.0 2.32 2.2 2.0 195.74 1029.4 0.0 45.96 554.35 0.0 11.33 101.43 0.0 1380.67 150.2 63.56 13.07 0.0 1209.45 4.13 65.74 6.27 0.0 
stehen 0.0 0.0 1.85 2.61 101.11 22.0 65.78 0.0 244.4 0.0 0.0 8.97 0.0 267.56 1.13 295.03 26.53 31.57 374.45 280.04 0.0 540.22 1243.97 0.0 67.48 1214.78 1.47 6746.1 3.0 1202.22 0.0 0.0 16149.04 1252.39 13.97 1.63 0.0 
eliminieren 0.0 0.0 0.0 0.0 2.0 0.0 0.0 0.0 0.0 0.0 0.0 0.0 0.0 0.0 0.0 0.0 0.0 0.0 0.0 2.0 0.0 1.0 29.91 0.0 0.0 0.0 0.0 3.99 0.0 3.31 0.0 0.0 1.0 0.0 0.0 0.0 0.0 
saufen 0.0 0.0 1.0 0.69 0.99 0.0 0.0 0.0 0.0 0.0 0.0 0.0 0.0 0.0 0.0 0.0 1.0 0.0 1.0 4.6 0.0 1.01 13.41 0.0 0.0 3.51 0.0 19.51 1.0 1.0 0.0 0.0 9.6 1.99 0.0 2.0 0.0 
erkennen 1.0 7.0 1.02 16.02 55.72 2.0 0.0 0.0 133.5 0.0 0.0 0.0 0.0 0.0 0.0 0.0 7.95 0.0 10.84 57.7 0.0 123.69 978.89 0.0 25.85 21.54 0.0 121.28 1.0 295.69 0.0 0.0 40.55 12.26 8.48 0.0 0.0 
ärgern 0.0 1.0 0.0 1.0 1.0 0.0 0.0 54.95 6.0 0.0 0.0 0.0 1.38 0.0 0.0 0.0 65.69 0.0 0.0 0.99 0.0 14.65 139.61 0.0 2.0 10.96 0.0 54.83 7.65 8.9 11.0 0.0 2.04 2.0 196.99 10.11 0.0 
beibringen 9.34 0.0 0.0 2.0 1.0 0.0 0.0 0.0 0.0 3.0 0.0 0.0 2.66 0.0 1.0 0.0 0.0 7.0 0.0 0.0 2.0 127.24 8.77 0.0 0.0 6.0 0.0 0.0 23.66 4.0 2.0 0.0 0.0 2.0 3.0 2.99 0.0 
erfahren 4.01 13.03 21.33 6.9 153.17 9.28 2.0 0.0 133.19 0.0 0.0 0.0 0.0 1.89 0.0 0.0 0.0 0.0 3.0 94.56 0.0 78.75 782.46 0.0 2.65 36.76 0.0 326.25 0.0 302.6 0.0 0.0 183.05 1.0 0.68 2.0 9.72 
erhoffen 0.0 0.0 0.0 3.0 0.0 0.0 0.0 1.0 0.0 0.0 0.0 0.0 0.0 0.0 5.0 0.0 11.95 0.0 3.94 1.0 0.0 6.35 37.51 0.0 3.05 3.58 0.0 8.99 509.28 19.91 5.01 0.0 4.98 0.0 9.99 29.35 0.0 
lesen 0.0 0.0 2.53 26.7 39.68 1.0 0.0 2.01 15.0 0.0 0.0 0.0 0.0 0.0 4.0 0.0 98.22 0.82 12.75 58.08 0.0 267.8 1121.88 0.0 18.46 119.91 14.98 443.57 13.32 219.17 0.0 0.0 210.21 6.12 143.38 31.44 0.0 
scheuen 0.0 1.0 2.0 0.0 3.0 0.0 0.0 3.0 0.0 0.0 0.0 0.0 0.0 0.0 69.0 0.0 6.0 0.0 5.0 2.98 0.0 18.13 172.82 0.0 9.0 3.7 0.0 18.84 0.0 32.73 0.0 0.0 3.96 0.0 3.0 1.0 0.0 
dienen 4.9 0.0 0.0 0.0 5.0 0.0 0.0 0.0 2.0 0.0 0.0 10.93 0.0 4.35 1.0 1.0 0.0 32.19 99.98 2.32 1.98 124.49 76.56 0.0 8.75 1175.83 0.0 631.03 0.0 46.39 0.0 0.0 535.92 246.68 4.0 0.0 0.0 
unterrichten 0.0 0.0 0.0 0.0 0.0 0.0 0.0 0.0 0.0 0.0 0.0 0.0 0.0 0.0 0.0 0.0 0.0 0.0 2.0 4.0 0.0 51.83 282.03 0.0 2.0 3.82 0.0 55.22 0.0 96.5 0.0 0.0 63.73 4.11 2.72 0.0 0.0 
enden 0.0 0.0 0.0 0.62 46.06 0.0 0.0 0.0 6.0 0.0 0.0 0.0 0.0 14.18 1.0 4.53 0.0 14.51 26.41 34.16 0.0 111.74 161.89 0.0 8.41 245.46 0.0 1281.71 0.0 26.61 0.0 0.0 1005.85 15.72 0.0 0.0 0.0 
exekutieren 0.0 0.0 0.0 0.0 1.0 0.0 0.0 0.0 0.0 0.0 0.0 0.0 0.0 0.0 0.0 0.0 0.0 0.0 0.0 0.0 0.0 6.02 33.06 0.0 1.0 5.11 0.0 2.0 1.0 12.83 0.0 0.0 0.0 0.0 1.0 0.0 0.0 
grinsen 0.0 0.0 0.0 0.0 0.0 0.0 0.0 0.0 1.0 0.0 0.0 0.0 0.0 0.0 0.0 0.0 0.0 0.54 2.21 29.8 0.75 1.0 4.38 0.0 0.0 5.78 0.0 95.46 0.0 0.0 0.0 0.0 12.46 1.0 0.0 0.79 0.0 
ankündigen 0.0 0.0 0.78 5.23 1.0 0.0 1.0 0.0 124.0 2.07 0.0 0.0 0.0 0.0 0.0 0.0 17.94 3.0 234.69 273.35 0.0 250.69 2018.85 0.0 11.51 37.37 1.0 141.18 13.92 453.43 0.9 0.0 13.97 3.57 91.75 2.01 0.0 
bringen 7.16 1.3 11.39 48.93 22.7 0.0 39.99 2.0 6.0 2.66 0.0 3.85 0.0 1.0 5.99 1.0 98.01 11.04 43.22 28.76 1.73 1285.38 4785.34 0.0 115.17 229.63 0.0 360.0 116.17 3546.32 0.0 0.0 167.61 80.91 168.43 13.1 0.0 
grübeln 0.0 0.0 0.0 0.0 5.0 0.0 0.0 0.0 0.0 0.0 1.0 0.0 0.0 0.0 0.0 0.0 0.0 0.0 1.0 5.94 0.0 0.0 1.71 0.0 0.0 0.84 0.0 22.36 0.0 5.08 0.0 0.0 8.71 0.0 0.0 0.0 0.0 
schneien 0.0 0.0 0.0 0.0 0.0 0.0 2.0 0.0 0.0 0.0 0.0 0.0 0.0 43.29 0.0 5.75 0.0 0.0 0.0 4.05 0.0 1.0 2.99 0.0 0.0 7.0 0.0 13.03 0.0 0.0 0.0 0.0 3.03 0.0 0.0 0.0 0.0 
beenden 0.0 0.0 1.0 12.65 0.0 0.0 0.0 0.0 0.0 0.0 0.0 0.0 0.0 0.0 0.0 0.0 0.0 6.0 7.0 7.0 1.0 99.51 1105.91 0.0 7.9 68.59 0.0 70.58 0.0 379.36 0.0 0.0 31.23 6.49 0.0 0.0 0.0 
basieren 0.0 0.0 0.0 0.0 0.0 0.0 0.0 0.0 1.0 0.0 0.0 0.0 0.0 0.0 0.0 0.0 0.0 0.0 1.0 0.0 0.0 15.62 8.66 0.0 0.0 9.68 0.0 121.65 0.0 2.03 0.0 0.0 192.61 0.0 0.0 0.0 0.0 
hören 0.0 0.0 11.27 52.84 56.93 1.0 0.0 0.0 75.54 0.0 0.0 0.0 0.0 0.0 9.92 0.0 0.0 6.04 157.0 114.52 3.01 145.42 1615.8 0.0 100.8 105.78 0.0 544.05 2.0 462.41 0.0 0.0 219.62 10.16 23.54 0.0 0.0 
glauben 1.68 23.58 46.99 19.41 59.31 1.0 0.0 26.99 1928.52 17.45 0.0 1.14 2.0 0.0 1.84 0.0 18.0 11.08 346.1 1887.97 69.76 160.45 555.23 0.0 61.67 234.09 0.0 608.05 30.1 40.99 2.0 0.0 686.76 24.56 31.37 2.0 1.0 
sitzen 0.0 0.0 0.0 0.0 15.16 0.0 6.29 0.0 2.0 0.0 0.0 0.0 0.0 0.0 1.0 0.0 1.99 4.03 17.88 60.59 0.0 86.89 271.48 0.0 67.93 200.79 0.0 1504.25 0.0 188.43 0.0 0.0 3171.11 106.87 2.0 0.0 0.0 
liefern 0.0 2.99 3.85 5.51 3.97 0.0 0.0 0.0 0.0 0.0 0.0 0.0 0.0 0.0 2.0 0.0 1.0 4.04 5.0 7.7 1.0 353.98 1240.17 0.0 8.29 65.57 0.0 94.91 156.16 264.95 0.0 0.0 34.54 4.19 4.0 7.17 1.0 
unterstützen 0.0 1.91 7.52 5.16 15.41 0.0 0.0 1.0 1.12 0.0 0.0 0.0 1.0 0.0 0.0 0.0 7.74 1.01 6.05 22.33 0.0 326.4 2282.35 0.0 37.98 64.13 0.0 110.63 1.2 464.17 0.0 0.0 10.32 10.21 44.25 2.0 0.0 
rufen 0.0 0.0 1.0 9.47 2.0 0.0 0.0 4.04 2.0 0.0 0.0 0.0 0.0 4.39 0.0 0.0 1.79 1.98 11.49 175.25 9.65 122.49 596.65 0.0 6.21 91.5 0.0 688.1 2.0 267.53 0.0 0.0 235.46 10.77 13.16 0.0 0.0 
zusagen 0.0 0.0 0.0 3.71 0.0 0.0 0.0 0.0 13.0 2.32 0.0 0.0 0.0 0.0 7.0 0.0 0.0 15.0 100.05 14.01 1.93 194.12 336.78 0.0 3.0 19.32 0.0 61.58 5.57 49.8 0.68 0.0 9.8 7.53 1.0 0.0 0.0 
bedürfen 1.63 2.99 0.0 0.0 6.51 0.0 5.97 0.0 0.0 3.87 0.0 141.72 0.0 9.95 0.0 0.0 0.0 20.52 6.08 1.01 1.0 103.2 67.08 0.0 7.59 495.55 0.0 32.17 0.0 25.49 0.0 0.0 5.61 121.4 0.0 0.0 0.0 
wollen 0.0 21.11 27.92 183.24 46.4 6.0 65.08 2.0 696.13 3.91 0.0 26.59 0.0 9.53 412.3 0.0 16.38 1458.33 5008.15 277.5 2.55 1082.84 5331.67 0.0 2558.27 189.97 0.0 1794.23 33.55 759.28 0.0 0.0 643.12 50.59 36.17 13.69 1.0 
sehen 6.04 71.3 50.94 234.58 604.01 67.79 78.28 13.43 319.12 1.8 0.0 24.06 1.29 4.09 341.11 0.0 573.76 74.34 371.27 275.94 3.72 1507.86 9326.5 0.0 913.25 742.01 0.0 937.68 42.73 3701.11 1.0 0.0 477.29 110.36 517.95 161.94 0.0 
resultieren 0.0 0.0 0.0 0.0 0.0 0.0 0.0 0.0 0.0 0.0 0.0 0.0 0.0 0.0 0.0 0.0 0.0 0.0 7.25 0.0 0.0 3.69 2.29 0.0 1.03 8.39 0.0 75.54 0.0 4.04 0.0 0.0 107.47 4.03 0.0 0.0 0.0 
renovieren 0.0 0.0 0.0 2.0 0.0 0.0 0.0 0.0 0.0 0.0 0.0 0.0 0.0 0.0 0.0 0.0 0.0 0.0 9.0 3.01 0.0 14.55 147.51 0.0 1.0 1.1 0.0 19.97 0.0 27.89 0.0 0.0 18.0 0.0 0.0 0.0 0.0 
wissen 4.81 33.79 80.09 125.7 2693.51 241.89 16.73 0.0 1338.1 22.71 1.0 4.33 0.0 24.48 75.77 0.0 10.53 16.58 443.26 612.03 3.47 243.5 2720.91 0.0 171.42 294.6 0.0 1013.57 0.0 768.64 0.0 0.0 338.18 9.89 12.65 7.28 4.0 
erhalten 14.03 4.23 32.06 25.78 65.43 0.0 1.0 0.0 0.0 0.0 0.0 0.0 0.0 0.0 0.0 0.0 10.96 12.07 18.89 7.59 1.03 1107.75 5211.42 0.0 127.46 360.38 0.0 315.11 30.24 2185.1 0.0 0.0 51.01 76.31 21.76 2.0 1.0 
zustellen 0.0 0.0 0.0 1.0 0.0 0.0 0.0 0.0 0.0 0.0 0.0 0.0 0.0 0.0 0.0 0.0 0.0 0.0 1.11 0.0 0.0 64.45 43.6 0.0 1.01 0.0 0.0 0.0 1.0 7.0 0.0 0.0 2.3 1.0 0.0 0.0 0.0 
erwachsen 0.0 0.0 0.0 2.0 1.0 0.0 1.95 0.0 0.0 0.0 0.0 0.0 0.0 0.0 0.0 0.0 0.0 0.0 2.0 0.0 0.77 21.03 35.58 0.0 2.0 7.93 0.0 38.02 0.0 17.04 0.0 0.0 39.53 5.1 1.0 0.0 0.0 
reparieren 0.0 0.0 1.97 1.8 1.99 0.0 0.0 0.0 0.0 0.0 0.0 0.0 0.0 0.0 0.0 0.0 0.0 0.0 2.0 0.96 0.0 12.02 114.78 0.0 0.0 3.06 0.0 18.01 0.99 26.75 0.0 0.0 2.0 1.9 0.0 0.0 0.0 
senken 0.0 1.0 0.0 0.83 0.0 0.0 0.0 1.0 0.0 0.0 0.0 0.0 0.0 0.0 0.0 0.0 27.09 3.0 4.0 0.0 0.0 44.57 486.65 0.0 5.0 4.18 0.0 19.25 2.01 77.0 0.0 0.0 1.0 1.07 26.88 3.01 0.0 
helfen 7.3 3.0 1.0 16.03 15.37 0.0 16.76 8.2 11.0 2.0 0.0 3.26 2.13 3.74 45.64 0.0 21.66 140.61 492.76 57.9 5.17 240.41 380.92 0.0 93.17 1006.43 0.0 1165.13 13.31 47.56 0.0 0.0 361.36 197.08 258.21 0.0 0.0 
weinen 0.0 0.0 0.0 0.0 2.0 0.0 0.0 0.0 1.0 0.0 0.0 0.0 0.0 0.0 0.0 0.0 1.0 1.12 4.02 20.74 0.0 5.96 22.53 0.0 0.88 4.21 1.0 273.35 0.0 4.39 0.0 0.0 30.51 0.0 1.0 0.0 0.0 
überschreiben 0.0 0.0 0.0 0.0 0.0 0.0 0.0 0.0 0.0 0.0 0.0 0.0 0.0 0.0 0.0 0.0 0.0 0.0 0.0 1.0 0.0 31.76 34.61 0.0 1.0 5.61 0.0 5.12 0.0 4.71 0.0 0.0 3.01 0.0 0.0 0.0 0.0 
vermachen 0.0 0.0 0.0 0.0 0.0 0.0 0.0 0.0 0.0 0.0 0.0 0.0 0.0 0.0 0.0 0.0 0.0 0.0 0.0 0.0 0.0 20.96 1.01 0.0 0.0 0.98 0.0 0.97 3.0 1.0 0.0 0.0 0.0 1.0 0.0 0.0 0.0 
erlangen 0.0 0.0 0.0 0.0 1.0 0.0 0.0 0.0 0.0 0.0 0.0 0.0 0.0 0.0 0.0 0.0 0.0 0.0 0.0 0.0 0.0 12.23 121.55 0.0 2.0 4.23 0.0 16.6 0.0 32.41 0.0 0.0 3.92 0.0 0.0 0.0 0.0 
verkünden 0.0 0.0 0.0 7.22 9.2 0.0 5.0 0.0 16.0 0.0 0.0 1.99 0.0 1.0 0.0 0.0 0.0 3.04 3.0 195.38 3.24 82.64 413.67 0.0 5.67 32.78 0.0 188.53 1.0 263.14 0.0 0.0 76.88 3.69 0.0 0.0 0.0 
wahrnehmen 0.0 0.0 0.0 3.07 10.96 0.0 1.0 0.0 9.83 0.0 0.0 0.0 0.0 0.0 0.0 0.0 0.0 1.0 5.0 3.0 0.0 26.69 565.49 0.0 5.0 8.89 0.0 21.22 0.0 49.6 0.0 0.0 1.92 2.03 4.28 0.0 0.0 
leben 0.0 0.0 0.0 2.15 37.69 0.0 94.08 0.0 21.7 0.0 0.0 19.12 0.0 2.0 0.0 0.0 0.82 5.07 124.95 134.52 1.0 101.31 517.75 0.0 14.53 278.09 30.99 3547.75 0.0 264.16 0.0 0.0 3251.73 41.99 3.05 2.01 0.0 
kommunizieren 0.0 0.0 0.0 0.0 0.0 0.0 0.0 0.0 0.0 0.0 0.0 0.0 0.0 0.0 0.96 0.0 0.0 1.03 3.85 0.0 0.0 1.02 2.91 0.0 1.01 1.27 0.0 42.19 0.0 0.94 0.0 0.0 15.52 0.0 0.0 0.0 0.0 
heulen 0.0 0.0 0.0 0.0 0.0 0.0 0.0 0.0 1.0 0.0 0.0 0.0 0.0 0.0 0.0 0.0 0.0 0.0 1.0 6.06 0.0 6.99 13.74 0.0 0.0 4.95 0.0 73.05 1.0 0.0 0.0 0.0 20.36 0.0 0.0 0.0 0.0 
insistieren 0.0 0.0 0.0 0.0 0.0 0.0 0.0 0.0 1.0 0.0 0.0 0.0 0.0 0.0 0.0 0.0 0.0 0.0 0.0 6.98 0.0 0.0 3.62 0.0 0.0 0.0 0.0 17.72 0.0 2.01 0.0 0.0 3.29 0.0 0.0 0.0 0.0 
erzeugen 0.0 1.0 2.0 1.92 1.0 0.0 0.0 0.0 0.0 0.0 0.0 0.0 0.0 0.0 0.0 0.0 1.0 1.0 3.24 3.31 0.0 33.92 421.9 0.0 3.0 8.19 0.0 42.77 0.0 62.19 0.0 0.0 4.03 4.21 0.0 0.0 0.0 
folgen 4.18 0.0 1.01 7.48 8.97 0.0 287.69 0.0 7.0 2.31 0.0 22.01 1.0 0.0 0.0 0.0 1.63 20.63 31.02 53.64 17.93 629.55 394.61 0.0 16.94 1794.1 0.0 1465.33 0.0 89.03 0.0 0.0 1043.54 376.49 9.35 0.0 0.0 
vermuten 0.0 4.34 0.0 6.28 4.56 0.0 0.0 0.0 369.42 0.0 0.0 1.0 0.0 0.0 0.0 0.0 0.0 3.02 6.0 263.14 0.0 44.72 457.08 0.0 3.99 19.99 0.0 98.63 0.0 346.53 0.0 0.0 8.7 1.55 0.77 0.0 0.0 
donnern 0.0 0.0 0.0 0.0 0.0 0.0 0.0 0.0 0.0 0.0 0.0 0.0 0.0 1.12 0.0 0.0 0.0 0.0 1.0 5.17 1.0 6.0 9.11 0.0 0.0 3.96 0.0 47.83 0.0 4.93 0.0 0.0 20.33 2.02 0.0 0.0 0.0 
entfernen 0.0 0.0 0.0 0.0 1.66 0.0 0.99 2.0 0.0 0.0 0.0 0.0 1.0 0.0 0.0 0.0 53.41 1.0 10.73 3.68 0.0 133.29 414.35 0.0 26.27 19.88 1.0 159.87 2.0 78.95 0.0 0.0 53.05 4.22 49.24 5.99 0.0 
jammern 0.0 0.0 0.0 0.0 0.0 0.0 0.0 0.0 1.0 0.0 0.0 0.0 0.0 0.0 0.0 0.0 0.0 0.0 1.06 29.52 0.0 3.01 1.93 0.0 0.0 3.96 0.0 48.13 0.0 0.0 0.0 0.0 16.07 1.0 2.0 0.0 0.0 
klagen 0.0 1.0 0.0 3.99 0.0 0.0 0.0 0.0 32.0 0.0 0.0 0.0 0.0 2.0 0.0 0.0 1.0 4.02 25.94 477.68 11.43 27.98 122.73 0.0 2.03 47.95 0.0 687.37 0.0 17.16 0.0 0.0 464.54 7.85 0.0 0.0 0.0 
stellen 0.0 0.0 7.78 19.73 16.69 1.03 8.83 5.17 14.01 0.0 0.0 0.0 16.08 0.0 9.26 0.0 638.53 14.53 38.71 16.78 1.99 1175.74 3720.61 0.0 61.31 156.16 1.0 265.39 439.93 2082.0 3.05 8.0 127.38 93.69 793.75 605.35 0.0 
freuen 0.0 8.28 1.0 0.0 2.0 0.0 0.87 285.33 14.0 0.0 0.0 0.0 2.0 0.0 30.35 0.0 670.95 0.0 1.0 2.11 0.0 9.82 116.77 0.0 0.72 9.96 3.69 10.11 81.91 5.01 97.72 0.0 0.99 4.99 904.29 104.43 0.0 
lachen 0.0 0.0 0.0 0.0 5.02 0.0 0.0 0.0 5.05 0.0 0.0 0.0 0.0 0.98 1.07 0.0 16.94 4.83 22.09 110.92 4.61 5.12 71.9 0.0 13.55 42.3 0.0 680.79 3.03 8.88 0.0 0.0 131.8 7.92 20.24 2.96 0.0 
geben 18.53 235.29 387.69 340.36 71.84 0.0 24144.43 27.42 11.12 7.16 0.0 204.24 8.65 859.23 126.44 43.45 364.12 182.81 1248.88 95.98 8.84 6644.88 15590.95 0.0 1730.43 846.18 14.53 1511.09 719.64 12695.7 0.0 0.0 883.85 287.04 1041.48 138.73 19.97 
anfangen 0.0 0.0 0.0 3.0 23.08 0.0 0.0 0.0 7.02 0.0 0.0 0.0 0.0 34.23 2.0 0.0 0.0 2.0 481.05 48.54 0.0 20.2 235.89 0.98 15.66 52.03 0.0 1128.22 1.0 55.75 0.0 0.0 252.18 0.0 0.0 0.0 0.0 
starren 0.0 0.0 0.0 0.0 0.0 0.0 0.0 0.0 0.0 0.0 0.0 0.0 0.0 0.0 0.0 0.0 0.0 0.0 2.0 1.0 0.0 3.01 6.11 0.0 0.0 8.63 0.0 76.38 0.0 9.27 0.0 0.0 65.55 4.07 0.0 0.0 0.0 
dämmern 0.0 1.0 0.0 0.0 0.0 0.0 0.0 0.0 8.0 3.0 0.0 11.73 0.0 4.0 0.0 0.97 0.0 0.0 0.0 2.17 1.0 1.0 8.05 0.0 1.0 8.69 0.0 12.81 0.0 0.0 0.0 0.0 0.0 2.27 0.0 0.0 0.0 
präsentieren 1.45 1.0 2.04 3.98 3.0 0.0 0.0 0.0 0.0 0.0 0.0 0.0 0.0 0.0 2.49 0.0 287.34 2.51 1.0 1.01 2.0 427.4 753.55 0.0 1.01 31.08 0.0 75.45 39.7 373.41 0.0 0.0 11.84 6.25 202.95 126.97 0.0 
rudern 0.0 0.0 0.0 0.0 1.0 0.0 0.0 0.0 0.0 0.0 0.0 0.0 0.0 0.0 0.0 0.0 0.0 0.0 7.88 1.99 0.0 1.0 1.01 0.0 0.0 2.0 0.0 11.26 0.0 2.02 0.0 0.0 12.8 0.0 0.0 0.0 0.0 
konsumieren 0.0 0.0 0.0 1.0 0.0 0.0 0.0 0.0 0.0 0.0 0.0 0.0 0.0 0.0 1.0 0.0 0.54 0.0 2.0 0.0 0.0 5.8 49.68 0.0 1.62 4.53 0.0 11.87 0.0 18.78 0.0 0.0 6.02 1.27 0.0 0.0 0.0 
vorführen 3.0 0.0 1.0 2.99 15.25 0.0 0.0 0.0 1.65 2.91 0.0 0.0 2.0 1.0 0.0 0.0 2.62 1.0 2.0 1.0 0.0 295.11 192.37 0.0 2.0 23.51 0.0 11.4 2.01 62.47 0.0 0.0 1.0 1.16 1.0 3.0 0.0 
verkleinern 1.0 0.0 0.0 2.0 0.0 0.0 0.0 1.0 0.0 0.0 0.0 0.0 0.0 0.0 0.0 0.0 2.0 1.0 1.0 0.0 0.0 8.85 85.83 0.0 2.0 3.0 0.0 9.29 0.0 15.04 0.0 0.0 0.0 0.0 5.0 0.0 0.0 
hasten 0.0 0.0 0.0 2.0 0.0 0.0 0.0 0.0 0.0 0.0 0.0 0.0 0.0 0.0 0.0 0.0 0.0 0.0 3.0 0.0 0.0 0.0 12.86 0.0 0.0 0.0 0.0 49.36 0.0 0.0 0.0 0.0 13.82 0.81 1.0 0.0 0.0 
bestehen 0.0 73.77 0.0 2.0 20.61 2.0 261.04 0.0 205.84 1.0 0.0 30.45 0.0 2.75 0.0 8.69 0.0 8.94 347.02 47.62 0.0 54.42 335.55 0.0 92.42 227.2 0.0 2267.19 0.0 75.82 0.0 0.0 2564.09 32.46 0.0 0.0 0.0 
drehen 0.0 0.0 3.01 4.06 0.0 0.0 0.0 1.84 0.0 0.0 0.0 0.0 0.0 0.0 4.02 0.0 326.12 1.04 0.0 6.0 0.0 88.91 433.96 0.0 5.09 7.61 15.9 114.95 49.66 88.5 0.0 0.93 51.53 7.1 151.23 45.2 0.0 
gleiten 0.0 0.0 0.0 0.0 0.0 0.0 0.0 0.0 0.0 0.0 0.0 0.0 0.0 0.0 0.0 0.0 0.0 0.0 0.0 1.0 0.0 2.93 2.95 0.0 0.0 1.05 0.0 30.89 0.0 1.01 0.0 0.0 24.66 8.15 0.0 0.0 0.0 
bekanntgeben 0.0 1.0 2.0 1.96 15.94 4.0 0.0 0.0 34.66 0.0 0.0 0.0 0.0 0.0 0.0 0.0 0.0 0.0 4.0 49.63 0.98 139.8 1107.82 0.0 3.21 8.51 0.0 44.69 0.0 191.65 0.0 0.0 4.29 3.03 0.0 0.0 0.0 
laufen 0.0 5.0 0.0 1.02 22.04 0.0 63.18 0.0 2.01 0.0 0.0 0.0 0.0 165.76 0.0 6.55 3.0 9.17 44.25 116.62 2.38 167.59 666.39 0.0 54.88 231.02 0.94 2480.46 0.0 269.08 0.0 0.0 2101.52 72.64 4.49 0.0 0.97 
feststellen 0.0 1.57 1.0 15.36 24.01 7.66 1.98 0.0 187.82 4.41 0.0 0.0 0.0 0.0 0.0 0.0 0.0 0.0 10.99 281.76 6.22 78.59 859.3 0.0 5.0 62.42 0.0 465.4 0.0 370.58 0.0 0.0 75.19 4.93 0.0 0.0 0.0 
schließen 0.0 0.0 4.18 54.22 3.03 0.0 1.09 3.9 28.72 0.0 0.0 0.0 0.0 2.08 1.0 0.0 44.96 7.09 5.04 75.87 1.93 203.73 1445.78 0.0 9.15 106.12 0.0 545.2 2.0 590.73 0.0 0.0 230.82 27.66 117.97 14.21 0.0 
treiben 0.0 2.99 1.0 4.93 3.54 0.0 9.66 0.0 0.0 0.0 0.0 3.0 0.0 0.0 0.0 0.0 4.11 0.0 2.91 1.05 0.0 137.93 727.6 0.0 19.3 13.3 0.0 115.92 1.0 339.53 0.0 0.0 63.91 5.8 12.88 0.0 1.0 
fließen 0.0 0.0 0.0 0.0 3.0 0.0 15.12 0.0 0.0 0.0 0.0 0.0 0.0 0.0 0.0 0.0 0.0 1.0 6.0 14.33 0.0 19.76 122.51 0.0 1.39 59.34 0.0 624.44 0.0 44.49 0.0 0.0 510.61 18.02 0.0 0.0 0.0 
stützen 0.0 0.0 0.0 1.0 1.0 0.0 0.94 0.0 0.0 0.0 0.0 0.0 0.0 0.0 1.0 0.0 236.37 0.69 0.0 0.0 0.0 45.64 203.87 0.0 1.0 5.18 0.0 6.01 4.9 39.7 0.0 0.0 3.0 2.12 73.2 10.24 0.0 
öffnen 0.0 1.0 1.0 23.78 2.0 0.0 0.0 15.15 0.0 0.0 0.0 0.0 0.0 2.0 3.98 0.0 77.22 3.0 11.0 9.86 2.0 298.96 1005.0 0.0 6.01 31.98 0.0 254.01 20.77 283.0 0.0 0.0 125.32 3.07 195.47 60.97 0.0 
setzen 0.0 3.5 1.0 5.73 7.06 0.0 21.16 5.08 2.05 2.0 0.0 0.0 1.0 0.0 10.61 0.0 353.72 21.34 17.47 16.2 1.34 853.69 1797.84 0.0 43.69 134.48 0.0 703.85 191.86 1327.03 0.0 0.0 1146.98 25.27 200.31 55.88 0.0 
schenken 0.0 0.0 0.99 0.0 0.0 0.0 0.0 0.0 0.0 0.0 0.0 0.0 0.0 0.0 1.89 0.0 1.0 1.18 4.0 0.0 0.0 415.59 22.73 0.0 3.03 24.48 0.0 22.31 77.05 3.53 0.0 0.0 3.0 0.7 10.04 7.14 0.0 
empfinden 0.0 10.14 2.97 1.87 9.0 0.0 0.0 0.0 8.0 0.0 0.0 0.0 0.0 0.0 1.0 0.0 17.41 0.0 10.0 4.89 0.0 34.66 624.95 0.0 11.0 14.7 0.0 31.49 0.0 261.88 0.0 0.0 6.87 3.39 4.1 0.65 0.0 
nieseln 0.0 0.0 0.0 0.0 0.0 0.0 0.0 0.0 0.0 0.0 0.0 0.0 0.0 4.0 0.0 0.0 0.0 0.0 0.0 0.0 0.0 0.0 0.0 0.0 0.0 0.0 0.0 1.99 0.0 0.0 0.0 0.0 0.0 0.0 0.0 0.0 0.0 
spenden 0.0 0.0 1.0 0.0 2.0 0.0 1.98 0.0 1.0 0.0 0.0 0.0 0.0 0.0 0.0 0.0 0.0 0.0 8.01 6.7 0.0 123.41 262.8 0.0 1.99 23.56 0.0 115.17 0.99 41.53 0.0 0.0 34.49 8.24 1.0 0.0 0.0 
stiften 0.0 0.0 0.0 0.0 2.0 0.0 0.82 0.0 0.0 0.0 0.0 0.0 0.0 0.0 0.0 0.0 0.0 0.0 0.0 1.9 0.0 31.21 186.03 0.0 1.0 6.12 0.0 20.07 0.0 37.47 0.0 0.0 1.72 2.66 0.0 0.0 0.0 
ängstigen 0.0 0.0 0.0 0.0 0.0 0.0 0.0 1.0 0.0 0.0 0.0 0.0 0.0 0.0 0.0 0.0 9.31 0.0 1.0 3.0 0.0 0.0 11.69 0.0 0.0 0.0 0.0 2.0 0.0 1.0 0.0 0.0 0.0 0.0 1.0 0.55 0.0 
rennen 0.0 0.0 0.0 1.0 3.96 0.0 0.0 0.0 0.0 0.0 0.0 0.0 0.0 0.0 0.0 0.0 0.0 1.01 2.93 10.37 0.0 5.04 13.78 0.0 0.0 9.13 0.0 179.07 0.0 5.34 0.0 0.0 84.75 16.06 0.0 0.0 0.0 
charakterisieren 0.0 0.0 0.0 6.21 1.0 0.0 0.0 2.99 0.0 0.0 0.0 0.0 0.0 0.0 0.0 0.0 1.0 0.0 0.0 1.37 0.0 12.04 112.73 0.0 2.0 2.51 0.0 9.4 1.0 38.64 0.0 0.0 0.0 3.91 3.0 0.0 0.0 
erhöhen 0.0 2.0 1.0 10.48 2.0 0.0 1.0 3.93 0.0 0.0 0.0 0.0 0.0 0.0 0.0 0.0 575.51 5.06 6.01 4.05 0.0 167.37 1159.24 0.0 17.0 13.67 0.0 78.7 16.12 252.21 0.0 0.0 43.18 3.12 292.11 57.49 0.0 
vergrößern 0.0 0.0 0.0 1.0 0.0 0.0 2.0 4.0 0.0 0.0 0.0 0.0 0.0 0.0 0.0 0.0 22.56 0.0 3.61 0.0 0.0 18.07 156.81 0.0 3.0 5.9 0.0 14.04 1.0 33.95 0.0 0.0 1.11 4.09 58.03 3.01 0.0 
verhandeln 0.0 0.0 0.95 2.13 2.01 0.0 0.0 0.0 0.0 0.0 0.0 0.0 0.0 0.0 0.0 0.0 0.0 1.98 16.5 16.12 0.0 19.29 219.95 0.0 2.0 61.21 0.0 472.45 0.0 39.8 0.0 0.0 795.01 3.74 0.0 0.0 0.0 
beginnen 0.0 0.0 0.0 9.96 44.62 1.0 37.41 0.0 9.0 0.0 0.0 2.02 0.0 36.0 172.07 76.54 0.0 31.81 1243.63 123.97 7.44 276.38 1010.6 0.0 65.02 515.99 0.0 3980.77 0.0 460.0 0.0 0.0 6127.48 74.93 0.0 0.0 0.0 
herstellen 0.0 0.0 0.0 0.99 1.0 0.0 1.0 0.0 0.0 0.0 0.0 0.0 0.0 0.0 0.0 0.0 1.0 0.0 7.0 0.0 0.0 96.27 781.23 0.0 1.14 16.22 0.0 54.57 2.84 240.72 0.0 0.0 18.5 9.09 12.15 0.0 0.0 
realisieren 0.0 0.0 1.0 6.46 7.95 0.0 0.0 0.0 4.0 0.0 0.0 0.0 0.0 0.0 0.0 0.0 1.0 1.0 7.0 0.0 0.0 25.78 246.9 0.0 0.0 5.66 0.0 12.91 0.0 81.28 0.0 0.0 3.01 1.38 10.95 0.5 0.0 
versprechen 0.0 0.0 4.0 5.16 4.0 0.0 6.04 0.61 42.0 14.84 0.0 0.0 0.0 0.0 11.13 0.0 33.24 33.33 351.47 315.64 18.79 455.29 861.15 0.0 16.7 58.06 1.0 148.08 395.34 190.81 3.02 0.0 36.4 5.34 20.1 10.13 0.0 
dekorieren 0.0 0.0 0.0 0.0 0.0 0.0 0.0 0.0 0.0 0.0 0.0 0.0 0.0 0.0 0.0 0.0 0.0 0.0 0.0 0.0 0.0 5.0 24.55 0.0 1.0 2.72 0.0 6.99 0.0 10.24 0.0 0.0 4.0 0.0 0.0 0.0 0.0 
essen 0.0 0.0 5.0 6.36 12.31 0.0 1.99 0.0 1.0 0.0 0.0 0.0 0.0 0.0 0.0 0.0 2.81 0.83 12.01 17.56 0.0 97.52 402.85 0.0 2.18 50.85 0.0 251.94 0.0 39.33 0.0 0.0 54.22 2.56 2.61 0.0 0.0 
schreien 0.0 0.0 0.0 0.0 4.0 0.0 0.0 0.0 4.0 0.0 0.0 0.0 0.0 0.0 1.0 1.0 4.0 3.0 9.0 62.41 1.21 5.16 42.9 0.0 9.0 15.96 0.0 360.24 3.0 9.58 0.0 0.0 106.45 1.89 0.0 0.0 0.0 
pochen 0.0 0.0 1.0 0.0 0.0 0.0 0.0 0.0 6.0 0.0 0.0 0.0 0.0 0.0 0.0 0.0 0.0 1.0 5.0 0.0 0.0 0.0 5.16 0.0 1.0 6.81 0.0 77.05 0.0 0.0 0.0 0.0 78.56 0.0 0.0 0.0 0.0 
korrespondieren 0.0 0.0 0.0 0.0 1.0 0.0 0.0 0.0 0.0 0.0 0.0 0.0 0.0 0.0 0.0 0.0 0.0 1.0 0.0 1.0 0.0 1.17 7.84 0.0 0.0 9.53 0.0 17.58 0.0 0.0 0.0 0.0 26.33 0.0 0.0 0.0 0.0 
schleichen 0.0 0.0 0.0 0.0 0.0 0.0 0.0 2.0 0.0 0.0 0.0 0.0 0.0 0.0 0.0 0.0 17.71 0.0 4.82 0.0 0.0 2.68 3.02 0.0 2.0 5.03 0.0 63.38 3.07 1.14 0.0 0.0 16.01 1.46 6.3 1.0 0.0 
rotieren 0.0 0.0 0.0 0.0 0.0 0.0 0.0 0.0 0.0 0.0 0.0 0.0 0.0 0.0 0.0 0.0 0.0 0.0 0.0 3.0 0.0 0.0 2.0 0.0 0.0 0.0 0.0 26.84 0.0 5.0 0.0 0.0 13.05 0.0 0.0 0.0 0.0 
nachdenken 0.0 0.0 0.0 0.0 19.26 2.0 0.0 0.0 1.0 0.0 0.0 0.0 0.0 0.0 0.0 0.0 0.0 0.0 46.93 7.1 0.0 4.88 28.28 0.0 1.0 7.48 0.0 508.92 0.0 4.22 0.0 0.0 269.84 1.2 0.0 0.0 0.0 
steigern 0.0 0.0 2.0 0.0 0.0 0.0 1.0 2.0 1.0 0.0 0.0 0.0 0.0 0.0 0.0 0.0 65.21 0.0 4.0 0.96 0.0 64.15 368.04 0.0 1.0 4.45 0.0 17.23 3.0 107.82 0.0 0.0 1.18 5.41 60.76 6.0 0.0 
schicken 0.0 0.0 5.63 5.79 1.0 0.0 3.0 0.0 0.0 0.0 0.0 0.0 0.0 0.0 1.0 0.0 7.4 1.07 5.0 1.0 0.0 286.24 903.6 0.0 19.01 31.87 1.0 70.2 55.72 468.1 0.0 0.0 31.17 12.88 17.68 0.0 0.0 
beruhen 0.0 0.0 0.0 0.0 0.0 0.0 0.0 0.0 7.0 0.0 0.0 0.0 0.0 0.0 0.0 0.0 0.0 1.0 7.03 0.0 0.0 0.85 6.22 0.0 1.0 20.53 0.0 196.18 0.0 9.57 0.0 0.0 275.12 0.0 0.0 0.0 0.0 
riechen 0.0 0.0 2.0 0.0 2.0 0.0 0.0 0.0 1.0 0.0 0.0 0.0 0.0 69.0 0.0 51.8 0.0 0.0 3.0 7.84 0.0 8.97 86.79 0.0 3.99 4.63 0.0 180.15 0.0 5.99 0.0 0.0 61.23 1.0 4.0 0.0 0.0 
trinken 0.0 0.0 3.0 1.58 3.74 0.0 0.0 0.0 1.0 0.0 0.0 0.0 0.0 0.0 0.0 0.0 0.51 0.52 13.97 27.18 0.0 66.57 394.75 0.0 4.0 16.45 0.0 186.61 1.0 55.2 0.0 0.0 26.42 3.32 0.0 0.0 0.0 
aufhören 0.0 0.0 0.0 0.0 13.0 1.0 0.0 0.0 0.0 0.0 0.0 0.0 0.0 2.01 0.0 0.0 2.0 6.08 223.65 31.98 0.0 3.02 15.49 0.0 6.0 6.45 0.0 529.16 0.0 1.21 0.0 0.0 57.21 2.76 6.0 0.0 0.0 
hervorbringen 0.0 0.0 0.0 0.0 1.08 0.0 0.0 0.0 0.0 0.0 0.0 0.0 0.0 0.0 0.0 0.0 0.0 0.0 2.0 0.0 0.0 11.01 129.95 0.0 0.0 6.2 0.0 2.06 0.0 4.21 0.0 0.0 0.0 0.0 0.0 0.0 0.0 
beschreiben 0.0 0.0 11.91 79.1 62.05 0.0 0.0 0.0 3.0 0.0 0.0 0.0 0.0 0.0 0.0 0.0 4.66 0.96 7.0 13.12 3.37 187.13 905.83 0.0 9.05 36.08 0.0 57.42 2.17 318.2 0.0 0.0 13.45 5.1 11.23 0.0 0.0 
fühlen 1.0 0.0 1.0 7.5 5.05 0.0 0.0 26.42 18.0 0.0 0.0 0.0 5.76 0.0 156.19 0.0 1133.65 3.92 7.3 9.89 0.0 9.85 131.21 0.0 7.75 7.76 0.0 50.78 136.52 32.44 6.0 0.0 5.69 0.9 2290.1 272.38 0.0 
fliegen 0.0 0.0 0.0 0.0 10.02 0.0 6.15 0.0 0.0 0.0 0.0 0.0 0.0 1.01 0.0 0.0 2.99 1.0 6.9 44.94 0.0 40.23 284.22 0.0 5.88 49.45 1.0 572.49 1.0 75.62 0.0 0.0 389.95 8.64 1.0 0.0 0.0 
fürchten 0.0 0.0 1.0 1.02 6.0 0.0 0.0 1.0 204.41 1.0 0.0 0.0 0.0 0.0 4.0 0.0 74.68 5.49 70.8 240.08 0.0 86.89 583.73 0.0 8.82 40.05 0.0 171.18 0.68 76.79 1.0 0.0 138.46 3.2 79.31 9.13 0.0 
kriechen 0.0 0.0 0.0 0.0 1.0 0.0 0.0 0.0 0.0 0.0 0.0 0.0 0.0 0.56 0.0 0.0 0.0 0.0 1.0 1.0 0.0 3.0 6.78 0.0 0.0 5.0 0.0 52.95 0.0 6.01 0.0 0.0 29.96 9.08 0.0 0.0 0.0 
segeln 0.0 0.0 0.0 0.0 0.0 0.0 0.0 0.0 0.0 0.0 0.0 0.0 0.0 0.0 0.0 0.0 0.0 1.0 2.0 0.0 0.0 3.0 4.05 0.0 0.0 2.01 0.0 24.36 0.0 4.85 0.0 0.0 45.6 0.0 0.0 0.0 0.0 
wünschen 0.0 2.01 0.0 19.3 0.0 0.0 0.0 43.81 39.07 28.02 0.0 0.0 3.0 0.0 15.28 0.0 13.45 6.87 21.0 54.01 0.0 335.71 387.15 0.0 21.65 33.29 0.0 75.98 947.47 51.31 71.71 0.0 6.42 7.23 31.05 65.94 0.0 
vermitteln 1.0 0.0 0.0 3.91 3.96 0.0 2.0 0.0 3.0 2.59 0.0 0.0 0.0 0.0 1.0 0.0 7.0 0.0 4.05 3.0 0.0 241.14 614.81 0.0 9.94 14.76 0.0 110.36 7.92 147.79 0.0 0.0 15.82 6.78 8.62 1.0 0.0 
eilen 0.0 0.0 0.0 0.0 0.0 0.0 0.0 0.0 0.0 0.0 0.0 0.0 0.0 0.0 1.0 0.0 0.0 1.0 2.0 3.97 0.0 13.47 8.51 0.0 1.0 4.01 0.0 78.55 0.0 4.77 0.0 0.0 80.42 18.96 1.0 0.0 0.0 
lamentieren 0.0 0.0 0.0 0.0 2.0 0.0 0.0 0.0 2.0 0.0 0.0 0.0 0.0 0.0 0.0 0.0 0.0 0.0 0.0 3.0 0.0 0.0 5.99 0.0 0.0 1.12 0.0 20.92 0.0 0.0 0.0 0.0 5.96 0.0 0.0 0.0 0.0 
registrieren 0.0 0.0 0.0 1.0 7.0 1.0 0.0 0.0 13.0 0.0 0.0 0.0 0.0 1.0 0.0 0.0 0.0 0.0 5.0 5.06 0.0 188.77 762.4 0.0 8.0 13.67 0.0 34.15 0.0 451.23 0.0 0.0 15.19 4.86 1.0 0.0 0.0 
interpretieren 0.0 2.0 2.0 2.0 5.0 0.0 0.0 0.0 0.0 0.0 0.0 0.99 1.0 1.02 0.0 0.0 0.0 1.0 1.0 9.97 0.0 29.33 267.73 0.0 5.0 3.44 0.0 23.08 0.0 81.26 0.0 0.0 3.6 2.99 1.0 0.0 0.0 
bemerken 0.0 0.0 0.0 23.18 11.0 3.0 1.0 0.0 68.0 1.0 0.0 0.0 0.0 0.0 0.0 0.0 0.0 0.0 3.0 97.0 0.0 27.69 368.4 0.0 0.0 18.31 0.0 120.28 0.0 89.79 0.0 0.0 29.54 3.1 0.98 0.0 0.0 
existieren 0.0 0.0 0.0 0.65 4.0 0.0 60.96 0.0 0.0 0.0 0.0 0.0 0.0 2.97 0.0 0.0 0.0 0.0 6.09 40.23 0.0 4.43 63.26 0.0 3.08 16.96 0.0 867.49 0.0 29.48 0.0 0.0 414.53 7.52 0.0 0.0 0.0 
benötigen 0.0 0.0 2.21 9.51 4.82 0.0 0.0 0.0 0.0 0.0 0.0 0.0 0.0 0.7 0.0 0.0 0.0 2.0 2.65 4.08 0.0 117.84 712.11 0.0 16.66 28.93 0.0 28.22 0.0 304.46 0.0 0.0 19.11 4.99 0.0 0.0 0.0 
blitzen 0.0 0.0 0.0 0.0 0.0 0.0 0.0 0.0 0.0 0.0 0.0 0.0 0.0 6.01 0.0 1.0 1.0 1.0 1.0 1.52 0.0 5.68 5.01 0.0 1.91 4.62 0.0 46.34 0.0 11.07 0.0 0.0 21.82 0.0 0.0 0.0 0.0 
kriegen 0.0 3.0 13.05 27.51 43.83 0.0 0.0 4.7 0.0 0.0 0.0 0.0 0.0 0.0 3.0 0.0 1.65 6.98 36.19 3.59 1.0 93.83 1067.71 0.0 26.93 56.65 0.0 250.49 2.08 204.47 0.0 0.0 34.72 11.27 17.44 0.0 0.0 
brauchen 2.93 5.46 27.53 116.19 101.96 0.0 37.76 0.0 4.0 0.0 0.0 2.1 1.0 9.52 242.94 1.0 5.85 34.84 816.27 30.19 1.01 463.25 5746.15 0.0 415.75 186.06 0.0 327.32 4.0 1316.47 0.0 0.0 52.12 17.85 42.01 2.0 0.0 
veranschaulichen 0.0 0.0 0.0 1.0 2.0 0.0 0.0 0.0 0.0 0.0 0.0 0.0 0.0 0.0 0.0 0.0 0.0 0.0 1.0 2.0 0.0 4.04 29.41 0.0 0.0 1.1 0.0 3.12 0.0 15.3 0.0 0.0 0.81 1.3 0.0 0.0 0.0 
bilden 0.0 0.0 0.83 1.02 2.0 0.0 2.24 1.07 0.0 0.0 0.0 0.0 0.0 0.0 0.0 0.0 228.15 1.0 9.67 7.54 0.0 249.45 1471.78 0.0 9.0 212.79 0.0 74.49 87.69 329.11 0.0 0.0 6.21 18.67 218.04 45.64 0.0 
fahren 0.0 1.0 4.09 9.35 19.79 0.0 4.73 0.0 5.0 0.0 0.0 0.0 0.0 0.0 0.0 0.0 15.02 12.09 48.06 41.14 1.62 207.82 961.1 0.0 6.13 197.9 0.0 1686.98 0.7 291.57 0.0 0.0 1418.79 37.52 3.99 0.0 0.0 
töten 0.0 0.0 1.96 20.63 7.0 0.0 1.99 0.0 1.0 0.0 0.0 0.0 0.0 0.0 0.0 0.0 5.08 1.17 4.75 10.61 0.0 128.13 981.81 0.0 9.84 40.05 0.0 102.79 0.0 892.87 0.0 0.0 29.09 10.91 23.09 0.0 0.0 
vernichten 0.0 0.0 1.0 6.73 3.0 0.0 3.0 0.0 0.0 0.0 0.0 0.0 0.0 0.0 0.0 0.0 2.0 0.0 4.12 3.0 0.0 40.04 393.05 0.0 5.07 5.51 0.0 36.86 3.0 65.72 0.0 0.0 6.95 1.01 4.99 2.0 0.0 
reden 0.0 1.0 5.0 0.0 16.95 0.0 0.0 0.0 21.99 0.0 0.0 0.0 0.0 0.0 0.0 0.0 18.06 5.0 33.02 131.48 0.0 58.86 229.96 0.0 4.96 115.47 0.0 1286.47 6.25 47.13 0.0 0.0 1121.35 15.84 8.07 3.67 0.0 
demonstrieren 1.0 1.0 0.0 2.0 38.03 0.0 0.0 0.0 27.0 0.0 0.0 0.0 0.0 0.0 0.0 0.0 0.0 0.0 6.96 10.08 0.0 57.24 331.62 0.0 11.99 73.26 0.0 305.89 0.0 92.45 0.0 0.0 422.25 7.79 0.0 0.0 0.0 
ergeben 0.0 0.0 3.0 1.0 0.0 5.0 0.0 14.06 187.0 0.0 0.0 1.0 1.95 0.0 16.88 0.0 793.92 0.0 2.0 19.62 0.0 107.42 886.97 0.0 6.0 42.84 3.08 120.54 101.32 170.27 9.0 1.0 8.26 1.28 486.97 75.06 0.0 
gähnen 0.0 0.0 0.0 1.0 1.0 0.0 0.0 0.0 0.0 0.0 0.0 0.0 0.0 0.0 0.0 0.0 0.0 0.0 0.0 3.0 0.0 0.0 7.1 0.0 0.0 0.0 0.0 30.76 0.0 0.0 0.0 0.0 15.1 0.0 0.0 0.0 0.0 
legen 0.0 12.11 0.0 6.79 1.98 0.0 0.0 3.11 0.0 1.0 0.0 0.0 0.0 0.0 16.0 0.0 140.63 9.0 11.08 1.74 0.0 528.27 865.43 0.0 28.13 95.19 0.0 142.99 16.52 663.06 0.0 0.0 35.69 104.36 129.31 15.84 0.0 
regnen 0.0 0.0 1.0 0.0 0.0 0.0 22.53 0.0 0.0 0.0 0.0 5.4 0.0 134.03 0.0 13.3 0.53 0.0 0.7 8.35 0.0 6.1 10.98 0.0 0.0 1.02 0.0 31.52 0.0 1.55 0.0 0.0 8.55 0.0 0.0 0.0 0.0 
phantasieren 0.0 0.0 0.0 0.0 0.0 0.0 0.0 0.0 0.0 0.0 0.0 0.0 0.0 0.0 0.0 0.0 1.0 0.0 0.0 1.79 0.0 2.0 4.0 0.0 0.0 0.81 0.0 7.95 1.0 1.11 0.0 0.0 4.32 0.0 1.0 0.0 0.0 
liegen 0.0 7.01 0.0 1.0 74.74 14.0 37.91 0.0 211.12 2.96 0.0 0.0 0.0 164.67 6.64 100.0 48.95 43.4 258.1 100.3 1.05 320.3 850.88 14.01 31.46 950.19 0.0 5253.88 1.0 447.92 0.0 0.0 10035.24 359.88 34.39 4.0 0.0 
eröffnen 0.0 1.0 0.0 5.11 0.0 0.0 0.0 0.0 1.0 4.0 0.0 0.0 1.0 0.0 5.0 0.0 27.56 2.03 4.01 5.03 0.0 334.67 1258.48 0.0 18.02 75.29 0.0 154.07 14.64 717.73 0.0 0.0 39.11 8.3 27.45 20.66 0.0 
anordnen 0.0 1.0 0.0 0.0 0.0 0.0 1.0 0.0 9.0 0.0 0.0 0.0 0.0 0.0 0.0 0.0 0.0 2.0 24.06 2.0 0.0 34.18 379.08 0.0 8.93 14.84 0.0 32.79 0.0 139.43 0.0 0.0 1.0 6.98 1.0 0.0 0.0 
darstellen 0.0 2.0 4.0 1.93 8.73 0.0 8.96 2.99 3.99 0.0 0.0 0.0 0.0 0.0 0.0 0.0 56.69 0.0 8.01 1.0 0.0 141.41 1413.66 0.0 7.0 8.54 0.0 43.12 19.26 239.58 0.0 0.0 3.62 2.54 180.87 9.71 0.0 
beharren 0.0 0.0 0.0 0.0 1.0 0.0 0.0 0.0 16.0 0.0 0.0 0.0 0.0 0.0 0.0 0.0 0.0 0.0 18.0 17.98 0.0 1.02 18.17 0.0 0.83 9.47 0.0 126.22 0.0 1.59 0.0 0.0 130.98 0.86 0.0 0.0 0.0 
gehen 4.89 5.57 3.99 16.88 140.35 0.0 223.51 0.0 41.41 1.0 0.0 748.58 1.18 3372.02 26.18 3910.24 118.07 190.49 1330.21 609.58 3.04 684.81 2137.16 49.53 169.97 1357.08 136.71 6028.47 14.62 957.77 0.0 0.0 7908.54 861.56 81.26 7.08 0.95 
ekeln 0.0 0.0 0.0 0.0 0.0 0.0 0.97 0.0 0.0 0.0 0.0 0.0 0.0 0.0 0.0 0.0 5.0 0.0 0.0 0.0 0.0 1.17 2.03 0.0 0.0 0.77 0.0 7.0 2.0 1.0 0.0 0.0 0.0 1.0 6.0 2.0 0.0 
leihen 0.92 0.0 1.0 1.0 0.0 0.0 0.0 0.0 0.0 0.0 0.0 0.0 0.0 0.0 0.0 0.0 0.0 0.0 1.0 2.0 0.0 43.27 13.41 0.0 0.0 4.17 0.0 2.0 37.72 2.01 0.0 0.0 1.42 0.0 2.0 9.0 0.0 
flüstern 0.0 0.0 0.0 0.0 0.0 0.0 0.0 0.0 0.0 0.0 0.0 0.0 0.0 0.0 0.0 0.0 6.99 0.0 0.0 19.56 2.01 8.99 5.81 0.0 0.9 3.77 0.0 39.72 1.0 2.17 0.0 0.0 8.1 13.06 1.0 0.0 0.0 
erneuern 0.0 0.0 0.0 0.0 0.0 0.0 0.0 0.0 0.0 0.0 0.0 0.0 0.0 0.0 0.0 0.0 5.93 0.0 0.0 4.13 0.0 27.72 218.16 0.0 22.0 9.5 0.0 24.03 0.0 71.26 0.0 0.0 3.0 3.37 19.84 0.0 0.0 
ahnen 0.0 1.0 0.0 1.54 89.45 0.0 0.0 0.0 79.0 0.0 0.0 0.0 0.0 0.0 0.0 0.0 0.0 0.0 0.0 22.44 0.0 12.11 193.75 0.0 0.0 1.23 0.0 27.52 0.0 16.64 0.0 0.0 7.05 5.98 0.0 0.0 0.0 
produzieren 0.0 0.0 0.0 8.04 6.0 0.0 2.55 0.99 0.0 0.0 0.0 0.0 0.0 0.0 0.0 0.0 4.0 0.0 7.01 5.09 0.97 180.8 796.02 0.0 6.05 45.74 0.0 206.07 1.29 193.72 0.0 0.0 96.78 4.61 2.0 0.0 0.0 
gründen 0.0 0.0 1.74 4.11 5.26 0.0 0.0 3.44 0.0 0.0 0.0 1.0 1.0 0.0 2.7 0.0 85.39 1.99 14.05 2.39 0.0 319.58 1089.3 0.0 10.19 27.61 0.0 96.22 11.54 476.06 0.0 0.0 35.43 6.5 63.55 10.32 0.0 
festlegen 0.0 2.91 5.05 0.86 21.08 0.0 1.04 0.0 10.29 0.0 0.0 0.0 0.0 0.0 20.15 0.0 68.91 0.0 1.02 1.81 0.0 49.03 651.16 0.0 0.0 28.9 0.0 25.85 3.0 249.89 0.0 0.0 16.26 15.24 209.5 6.09 0.0 
klettern 0.0 0.0 0.0 0.0 1.0 0.0 0.0 0.0 0.0 0.0 0.0 0.0 0.0 0.0 0.0 0.0 0.0 0.0 1.0 5.0 0.0 21.03 67.51 0.0 0.59 26.35 0.0 164.94 0.0 32.12 0.0 0.0 320.2 6.9 0.0 0.0 0.0 
wandern 0.0 0.0 0.0 0.0 4.0 0.0 0.0 0.0 0.0 0.0 0.0 0.0 0.0 0.0 0.0 0.0 0.0 1.0 0.0 4.0 0.0 9.31 48.82 0.0 0.0 11.86 0.52 210.22 0.0 9.36 0.0 0.0 226.52 10.13 0.0 0.0 0.0 
bestimmen 0.0 1.18 3.46 6.99 111.76 1.0 7.19 0.0 8.94 0.0 0.0 1.0 0.0 3.69 1.41 0.0 22.9 1.99 25.22 17.91 0.0 117.81 1371.95 0.0 30.47 71.27 0.0 193.3 0.0 200.83 0.0 0.0 34.99 12.72 4.86 0.0 0.0 
versichern 0.0 0.0 0.0 8.6 1.0 0.0 0.0 11.83 131.0 41.38 0.0 0.0 0.0 0.0 0.0 0.0 4.27 3.0 50.7 893.13 54.59 77.95 95.61 0.0 1.0 45.49 0.0 189.28 1.94 39.8 2.88 0.0 25.93 6.21 7.04 17.74 0.0 
erniedrigen 0.0 0.0 0.0 0.0 0.0 0.0 0.0 1.0 0.0 0.0 0.0 0.0 0.0 0.0 1.0 0.0 0.0 0.0 0.0 1.0 0.0 0.0 10.04 0.0 1.0 2.81 0.0 1.0 0.0 1.0 0.0 0.0 2.0 0.0 2.0 0.84 0.0 
folgern 0.0 0.0 0.0 0.0 1.0 0.0 0.0 0.0 9.0 0.0 0.0 0.0 0.0 0.0 0.0 0.0 0.0 0.0 3.0 33.0 1.45 1.0 3.97 0.0 0.0 1.0 0.0 21.84 0.0 6.83 0.0 0.0 15.67 0.0 0.0 0.0 0.0 
lehren 0.0 3.01 0.0 0.68 4.0 0.0 1.0 0.0 11.0 0.0 0.0 0.0 6.17 0.0 4.95 0.0 1.02 3.01 16.95 4.0 0.0 62.09 89.77 0.0 27.09 20.86 0.0 84.46 29.35 46.27 4.99 0.0 56.48 1.14 10.97 5.63 0.0 
bekommen 3.98 4.02 48.6 75.41 184.15 0.0 2.18 0.0 0.0 1.0 0.0 0.0 0.0 0.0 0.0 1.0 0.0 21.96 345.52 25.79 1.04 716.46 5118.35 0.0 327.14 205.54 0.0 408.23 0.0 1563.87 0.0 0.0 30.04 26.48 3.98 0.0 2.0 
lächeln 0.0 0.0 0.0 1.0 0.0 0.0 0.0 0.0 1.0 0.0 0.0 0.0 0.0 0.0 0.0 0.0 1.0 0.0 12.07 34.14 0.0 2.0 20.87 0.0 0.0 9.96 0.0 224.17 0.0 0.0 0.0 0.0 51.29 0.0 0.0 0.0 0.0 
